354.1058 566.0 188
354.4519 566.0 188
354.7925 564.0 188
355.1385 564.0 188
355.4791 564.0 188
355.8252 564.0 188
356.1713 564.0 188
356.4954 564.0 188
356.8414 564.0 188
357.1875 564.0 188
357.5281 564.0 188
357.8741 564.0 188
358.2147 566.0 188
358.5608 566.0 188
358.8904 566.0 188
359.2310 566.0 188
359.5770 566.0 188
359.9176 568.0 188
0.2637 568.0 188
0.6042 568.0 188
0.9503 568.0 188
1.2964 570.0 188
1.6205 570.0 188
1.9666 570.0 188
2.2632 572.0 188
2.5928 572.0 188
2.9333 572.0 188
3.2794 574.0 188
3.6200 574.0 188
3.9661 576.0 188
4.3121 576.0 188
4.6527 578.0 188
5.7458 776.0 188
6.0919 776.0 188
6.4215 778.0 188
6.7621 780.0 188
7.1082 780.0 188
7.4487 784.0 188
7.7948 786.0 188
8.1354 786.0 188
8.4650 786.0 188
8.8110 788.0 188
9.1516 788.0 188
9.4977 790.0 188
9.8438 792.0 188
10.1239 794.0 188
10.4645 796.0 188
10.8105 798.0 188
11.1401 800.0 188
11.4807 800.0 188
11.8268 802.0 188
12.1674 804.0 188
12.5134 806.0 188
12.8540 808.0 188
13.1836 810.0 188
13.5297 812.0 188
13.8702 814.0 188
14.2163 814.0 188
14.5624 816.0 188
14.9030 818.0 188
15.1831 820.0 188
15.5292 822.0 188
15.8698 826.0 188
16.1993 828.0 188
16.5454 830.0 188
16.8860 832.0 188
17.2321 834.0 188
17.5781 836.0 188
17.9187 838.0 188
18.2483 842.0 188
18.5889 844.0 188
18.8855 848.0 188
19.2151 852.0 188
19.5612 854.0 188
19.9017 858.0 188
20.2478 860.0 188
20.5884 862.0 188
20.9344 866.0 188
21.2640 870.0 188
21.6046 874.0 188
21.9507 878.0 188
22.2308 882.0 188
22.5769 884.0 188
22.9175 888.0 188
23.2635 892.0 188
23.6041 896.0 188
23.9337 898.0 188
24.2798 902.0 188
24.6204 906.0 188
24.9664 910.0 188
25.2466 914.0 188
25.5927 918.0 188
25.9332 920.0 188
26.2793 924.0 188
26.6199 928.0 188
26.9495 930.0 188
27.2955 934.0 188
27.6361 940.0 188
27.9822 942.0 188
28.2623 946.0 188
28.6084 950.0 188
28.9490 954.0 188
29.2950 958.0 188
29.6246 960.0 188
29.9652 962.0 188
30.3113 966.0 188
30.6519 972.0 188
30.9979 976.0 188
31.3385 982.0 188
31.6241 990.0 188
31.9647 1002.0 188
32.3108 1020.0 188
32.5909 1040.0 188
33.2776 1058.0 188
33.5577 1076.0 188
33.9038 1084.0 188
34.2334 1088.0 188
34.5740 1094.0 188
34.9200 1102.0 188
35.2606 1108.0 188
35.6067 1114.0 188
35.8868 1120.0 188
36.2329 1126.0 188
36.5735 1132.0 188
36.9196 1124.0 188
37.3096 1098.0 188
37.6556 1080.0 188
37.9962 1074.0 188
38.3862 1064.0 188
38.7323 1058.0 188
39.0729 1054.0 188
39.4189 1048.0 188
39.7650 1042.0 188
40.1056 1038.0 188
40.4352 1032.0 188
40.7812 1028.0 188
41.1823 1024.0 188
41.5283 1018.0 188
41.8744 1012.0 188
42.1985 1008.0 188
42.5446 1004.0 188
42.8906 1000.0 188
43.2312 994.0 188
43.5773 990.0 188
43.9178 984.0 188
44.3079 982.0 188
44.6539 980.0 188
45.0000 974.0 188
45.3406 968.0 188
45.6866 964.0 188
46.0272 962.0 188
46.3568 958.0 188
46.7029 954.0 188
47.0435 950.0 188
47.4500 944.0 188
47.7960 942.0 188
48.1201 940.0 188
48.4662 934.0 188
48.8123 930.0 188
49.1528 928.0 188
49.4989 924.0 188
49.8395 920.0 188
50.1855 918.0 188
50.5261 914.0 188
50.8557 912.0 188
51.2622 910.0 188
51.6083 906.0 188
51.9489 900.0 188
52.2784 898.0 188
52.6245 896.0 188
52.9651 894.0 188
53.3112 892.0 188
53.6517 888.0 188
53.9978 884.0 188
54.3384 884.0 188
54.6844 880.0 188
55.0745 878.0 188
55.4205 874.0 188
55.7611 874.0 188
56.1072 870.0 188
56.4478 868.0 188
56.7773 866.0 188
57.1234 864.0 188
57.4640 862.0 188
57.8101 858.0 188
58.1561 856.0 188
58.4967 854.0 188
58.8428 852.0 188
59.1833 850.0 188
59.5129 850.0 188
59.9194 846.0 188
60.2655 844.0 188
60.6061 842.0 188
60.9357 842.0 188
61.2762 840.0 188
61.6223 838.0 188
61.9684 836.0 188
62.3090 834.0 188
62.6550 834.0 188
62.9956 824.0 188
63.3856 816.0 188
63.7317 816.0 188
64.0778 814.0 188
64.4183 812.0 188
64.7644 812.0 188
65.1050 810.0 188
65.4346 808.0 188
65.7806 808.0 188
66.1212 808.0 188
66.4673 806.0 188
66.8079 804.0 188
67.1539 802.0 188
67.5000 802.0 188
67.8406 802.0 188
68.1702 800.0 188
68.5107 800.0 188
68.8568 800.0 188
69.2029 798.0 188
69.5435 796.0 188
69.8895 796.0 188
70.2301 796.0 188
70.5762 794.0 188
70.9058 794.0 188
71.2463 794.0 188
71.5924 794.0 188
71.9824 792.0 188
72.3230 792.0 188
72.6691 792.0 188
73.0151 790.0 188
73.3557 790.0 188
73.7018 788.0 188
74.0424 788.0 188
74.3719 788.0 188
74.7180 788.0 188
75.0586 788.0 188
75.4047 788.0 188
75.7452 788.0 188
76.0913 788.0 188
76.4374 788.0 188
76.7615 786.0 188
77.1075 786.0 188
77.4481 786.0 188
77.7942 786.0 188
78.1403 786.0 188
78.4808 786.0 188
78.8269 786.0 188
79.1510 786.0 188
79.4971 786.0 188
79.8431 786.0 188
80.1837 786.0 188
80.5298 786.0 188
80.8704 786.0 188
81.2164 786.0 188
81.5460 788.0 188
81.8866 788.0 188
82.2327 788.0 188
82.5732 790.0 188
82.9193 790.0 188
83.2654 788.0 188
83.5895 788.0 188
83.9355 788.0 188
84.2761 790.0 188
84.6222 788.0 188
84.9683 790.0 188
85.3088 792.0 188
85.6549 792.0 188
85.9351 794.0 188
86.3251 792.0 188
86.6711 792.0 188
86.9513 794.0 188
87.2919 794.0 188
87.6379 794.0 188
87.9840 794.0 188
88.3246 796.0 188
88.6707 798.0 188
89.0112 798.0 188
89.3408 800.0 188
89.6869 800.0 188
90.0275 800.0 188
90.3735 802.0 188
90.7141 802.0 188
91.0602 804.0 188
91.4062 804.0 188
91.7303 806.0 188
92.0764 806.0 188
92.4170 808.0 188
92.7631 808.0 188
93.1091 810.0 188
93.4497 810.0 188
93.7958 810.0 188
94.1199 812.0 188
94.4659 814.0 188
94.8120 816.0 188
95.1526 816.0 188
95.4987 818.0 188
95.7788 820.0 188
96.1249 820.0 188
96.4655 822.0 188
96.8115 826.0 188
97.1521 828.0 188
97.4817 828.0 188
97.8278 830.0 188
98.1683 832.0 188
99.1516 1532.0 188
99.4373 1550.0 188
99.7778 1578.0 188
100.1239 1608.0 188
100.4645 1638.0 188
100.7446 1674.0 188
101.0907 1710.0 188
101.4368 1744.0 188
101.7169 1780.0 188
102.0575 1820.0 188
102.4036 1864.0 188
102.6837 1910.0 188
103.0298 1956.0 188
103.3704 2000.0 188
103.9966 2108.0 188
104.3427 2164.0 188
105.3589 2224.0 188
105.7654 3532.0 188
106.1060 3548.0 188
106.4520 3552.0 188
106.7926 3564.0 188
107.1222 3572.0 188
107.4683 3580.0 188
107.8088 3612.0 188
108.1549 3616.0 188
108.4955 3608.0 188
109.1711 3624.0 188
109.8578 3588.0 188
110.1984 3556.0 188
110.5884 3512.0 188
110.9344 3460.0 188
111.2805 3420.0 188
111.6211 3400.0 188
111.9672 3368.0 188
112.3077 3328.0 188
112.6373 3292.0 188
112.9834 3264.0 188
113.3240 3236.0 188
113.6700 3200.0 188
114.0106 3176.0 188
114.3567 3164.0 188
114.6863 3148.0 188
115.0269 3156.0 188
115.3729 3168.0 188
115.7135 3168.0 188
116.0596 3184.0 188
116.4056 3196.0 188
116.7297 3216.0 188
117.0758 3240.0 188
117.4219 3260.0 188
117.7625 3264.0 188
118.1085 3272.0 188
118.4491 3288.0 188
118.7787 3308.0 188
119.1248 3320.0 188
119.4653 3332.0 188
119.8114 3348.0 188
120.1520 3360.0 188
120.4980 3380.0 188
120.8276 3404.0 188
121.7944 1930.0 188
122.1405 1916.0 188
122.4811 1892.0 188
122.8711 1886.0 188
124.2334 1884.0 188
124.5300 1894.0 188
124.8541 1908.0 188
125.2002 1926.0 188
125.5463 1940.0 188
125.8868 1954.0 188
126.2329 1970.0 188
126.5735 1976.0 188
126.9031 1984.0 188
127.2491 1994.0 188
127.5897 2000.0 188
127.9358 1992.0 188
128.2764 1976.0 188
128.6224 1966.0 188
128.9520 1960.0 188
129.2926 1986.0 188
129.9188 2112.0 188
130.2649 2124.0 188
130.6055 2136.0 188
130.9515 2148.0 188
131.2921 2160.0 188
131.6217 2172.0 188
131.9678 2196.0 188
132.3083 2212.0 188
132.6544 2232.0 188
132.9346 2252.0 188
133.2806 2260.0 188
133.6212 2280.0 188
133.9673 2296.0 188
134.3079 2316.0 188
134.6375 2336.0 188
134.9835 2360.0 188
135.3241 2376.0 188
135.6702 2404.0 188
136.0107 2436.0 188
136.3403 2452.0 188
136.6370 2460.0 188
136.9666 2484.0 188
137.3071 2508.0 188
137.6532 2528.0 188
137.9993 2552.0 188
138.3398 2580.0 188
138.6694 2604.0 188
139.0155 2624.0 188
139.3561 2648.0 188
139.7021 2676.0 188
140.0427 2708.0 188
140.3229 2736.0 188
140.6689 2756.0 188
140.9985 2784.0 188
141.3391 2820.0 188
141.6852 2848.0 188
142.0312 2884.0 188
142.3718 2920.0 188
142.7014 2944.0 188
143.0420 2988.0 188
143.3881 3024.0 188
143.7341 3048.0 188
144.0143 3088.0 188
144.3549 3128.0 188
144.7009 3168.0 188
145.0305 3212.0 188
145.3711 3244.0 188
145.7172 3276.0 188
146.0577 3320.0 188
146.3873 3368.0 188
146.7334 3428.0 188
147.0740 3468.0 188
147.4200 3500.0 188
147.7002 3560.0 188
148.0463 3616.0 188
148.3868 3664.0 188
148.7164 3716.0 188
149.0625 3768.0 188
149.4031 3772.0 188
149.7491 3756.0 188
150.0897 3756.0 188
150.4193 3760.0 188
150.7654 3780.0 188
151.1060 3772.0 188
151.4520 3760.0 188
151.7926 3768.0 188
152.1222 3756.0 188
152.4683 3756.0 188
153.6987 1528.0 188
154.0448 1528.0 188
154.3854 1526.0 188
154.7314 1524.0 188
155.0775 1522.0 188
155.4016 1520.0 188
155.7477 1526.0 188
156.8903 3680.0 188
157.2308 3676.0 188
157.5769 3656.0 188
157.9175 3648.0 188
158.2635 3656.0 188
158.5931 3652.0 188
158.9337 3648.0 188
159.2798 3644.0 188
159.6204 3632.0 188
159.9664 3636.0 188
160.2960 3628.0 188
160.6366 3620.0 188
160.9827 3624.0 188
161.3232 3616.0 188
161.6528 3612.0 188
161.9989 3608.0 188
162.3395 3604.0 188
162.6855 3596.0 188
163.3557 3560.0 188
164.4324 3492.0 188
164.7290 3600.0 188
165.0586 3588.0 188
165.4047 3584.0 188
165.7452 3580.0 188
166.0913 3576.0 188
166.4374 3576.0 188
166.7615 3572.0 188
167.1075 3572.0 188
167.4481 3572.0 188
167.7942 3572.0 188
168.1238 3568.0 188
168.4644 3564.0 188
168.8104 3564.0 188
169.1510 3564.0 188
169.4806 3568.0 188
169.8267 3568.0 188
170.1672 3568.0 188
170.4968 3568.0 188
170.8429 3568.0 188
171.1835 3564.0 188
171.5295 3564.0 188
171.8591 3568.0 188
172.1997 3572.0 188
172.5458 3576.0 188
172.8864 3568.0 188
173.2159 3564.0 188
173.5620 3568.0 188
173.9026 3572.0 188
174.2322 3572.0 188
174.5728 3576.0 188
174.9188 3572.0 188
175.2649 3576.0 188
175.5890 3584.0 188
175.9351 3584.0 188
176.2811 3576.0 188
176.6052 3576.0 188
176.9513 3584.0 188
177.2919 3584.0 188
177.6379 3588.0 188
177.9675 3596.0 188
178.3081 3596.0 188
178.6542 3596.0 188
179.6704 3596.0 188
180.7471 3328.0 188
181.0767 3108.0 188
181.8073 2904.0 188
182.1533 2820.0 188
182.4994 2740.0 188
182.8894 2672.0 188
183.5596 2520.0 188
183.9661 2452.0 188
184.2957 2384.0 188
184.6362 2324.0 188
184.9823 2268.0 188
185.3723 2212.0 188
185.7184 2164.0 188
186.0590 2120.0 188
186.3885 2072.0 188
186.7950 2032.0 188
187.1246 1992.0 188
187.4652 1950.0 188
187.8113 1908.0 188
188.2013 1866.0 188
188.5419 1828.0 188
188.8879 1796.0 188
189.2175 1764.0 188
189.6240 1730.0 188
189.9481 1698.0 188
190.2942 1664.0 188
190.6842 1638.0 188
191.0303 1616.0 188
191.3708 1590.0 188
191.7004 1562.0 188
192.0465 1538.0 188
192.4365 1518.0 188
192.7771 1494.0 188
193.1232 1468.0 188
193.5132 1446.0 188
193.8593 1428.0 188
194.1998 1408.0 188
194.5294 1388.0 188
194.8700 1368.0 188
195.2655 1350.0 188
195.6061 1330.0 188
195.9521 1314.0 188
196.2762 1296.0 188
196.6827 1280.0 188
197.0123 1264.0 188
197.3584 1248.0 188
197.6990 1234.0 188
198.0890 1220.0 188
198.4351 1206.0 188
198.7811 1194.0 188
199.1052 1178.0 188
199.5117 1164.0 188
199.8413 1150.0 188
200.1874 1138.0 188
200.5280 1126.0 188
200.9180 1116.0 188
201.2640 1104.0 188
201.6046 1092.0 188
201.9507 1082.0 188
202.2968 1072.0 188
202.6868 1060.0 188
203.0273 1048.0 188
203.3734 1038.0 188
203.7140 1030.0 188
204.1040 1020.0 188
204.4501 1010.0 188
204.7961 1002.0 188
205.1367 994.0 188
205.4828 986.0 188
205.8728 976.0 188
206.2134 970.0 188
206.5594 962.0 188
206.9055 952.0 188
207.2955 944.0 188
207.6361 934.0 188
207.9822 926.0 188
208.3228 922.0 188
208.6688 914.0 188
209.0588 906.0 188
209.4049 900.0 188
209.7455 894.0 188
210.0916 886.0 188
210.4211 880.0 188
210.8276 876.0 188
211.1682 870.0 188
211.5143 864.0 188
211.8549 856.0 188
212.1844 850.0 188
212.5909 846.0 188
212.9370 840.0 188
213.2776 834.0 188
213.6072 828.0 188
213.9478 826.0 188
214.3542 818.0 188
214.7003 814.0 188
215.0464 810.0 188
215.3705 804.0 188
215.7166 798.0 188
216.0571 794.0 188
216.4636 790.0 188
216.7932 786.0 188
217.1393 780.0 188
217.4799 774.0 188
217.8259 770.0 188
218.2324 766.0 188
218.5620 762.0 188
218.9026 758.0 188
219.2487 754.0 188
219.5892 750.0 188
219.9353 746.0 188
220.3253 742.0 188
220.6714 740.0 188
221.0120 736.0 188
221.3580 732.0 188
221.6986 726.0 188
222.0886 722.0 188
222.4347 720.0 188
222.7808 716.0 188
223.1213 714.0 188
223.4674 710.0 188
223.8080 706.0 188
224.1541 704.0 188
224.5441 702.0 188
224.8901 698.0 188
225.2307 694.0 188
225.5768 692.0 188
225.9009 690.0 188
226.2469 686.0 188
226.6534 682.0 188
226.9995 680.0 188
227.3401 676.0 188
227.6697 672.0 188
228.0103 670.0 188
228.3563 668.0 188
228.7024 666.0 188
229.0924 664.0 188
229.4330 660.0 188
229.7791 658.0 188
230.1196 656.0 188
230.4657 654.0 188
230.8118 652.0 188
231.1523 650.0 188
231.5424 646.0 188
231.8884 644.0 188
232.2290 642.0 188
232.5751 642.0 188
232.9211 640.0 188
233.2617 636.0 188
233.5913 636.0 188
233.9374 632.0 188
234.3384 630.0 188
234.6844 628.0 188
235.0140 628.0 188
235.3546 626.0 188
235.7007 624.0 188
236.0468 624.0 188
236.3873 622.0 188
236.7334 620.0 188
237.0740 618.0 188
237.4200 616.0 188
237.8101 614.0 188
238.1561 612.0 188
238.4967 610.0 188
238.8428 608.0 188
239.1833 608.0 188
239.5294 608.0 188
239.8700 606.0 188
240.1996 604.0 188
240.5457 604.0 188
240.8862 600.0 188
241.2927 598.0 188
241.6388 598.0 188
241.9684 596.0 188
242.3090 594.0 188
242.6550 594.0 188
242.9956 592.0 188
243.3417 592.0 188
243.6823 592.0 188
244.0283 590.0 188
244.3744 588.0 188
244.7150 588.0 188
245.0610 586.0 188
245.3906 586.0 188
245.7312 586.0 188
246.0773 586.0 188
246.4838 584.0 188
246.8243 584.0 188
247.1539 582.0 188
247.5000 580.0 188
247.8406 580.0 188
248.1866 578.0 188
248.5272 578.0 188
248.8733 576.0 188
249.2139 578.0 188
249.5599 578.0 188
249.9060 576.0 188
250.2466 576.0 188
250.5762 576.0 188
250.9167 574.0 188
251.2628 574.0 188
251.6089 572.0 188
251.9495 572.0 188
252.2955 572.0 188
252.6361 572.0 188
252.9822 572.0 188
253.3228 572.0 188
253.7183 570.0 188
254.0588 570.0 188
254.4049 570.0 188
254.7455 570.0 188
255.0916 570.0 188
255.4321 570.0 188
255.7617 570.0 188
256.1078 568.0 188
256.4484 568.0 188
256.7944 566.0 188
257.1405 568.0 188
257.4811 566.0 188
257.8271 566.0 188
258.1677 566.0 188
258.5138 566.0 188
258.8434 566.0 188
259.1840 566.0 188
259.5300 566.0 188
259.8706 568.0 188
260.2167 566.0 188
260.5573 566.0 188
260.9033 568.0 188
261.2494 568.0 188
261.5900 566.0 188
261.9360 566.0 188
262.2656 566.0 188
262.6062 568.0 188
262.9523 568.0 188
263.2928 568.0 188
263.6389 568.0 188
263.9795 568.0 188
264.3256 570.0 188
264.6716 570.0 188
265.0122 568.0 188
265.3583 568.0 188
265.6824 570.0 188
266.0284 570.0 188
266.3745 570.0 188
266.7151 570.0 188
267.0612 570.0 188
267.4017 570.0 188
267.7478 570.0 188
268.0280 572.0 188
268.3740 572.0 188
268.7146 572.0 188
269.0607 574.0 188
269.3903 574.0 188
269.7308 574.0 188
270.0769 576.0 188
270.4175 576.0 188
270.7635 576.0 188
271.0931 576.0 188
271.4337 578.0 188
271.7798 578.0 188
272.1204 578.0 188
272.4664 578.0 188
272.8125 580.0 188
273.1366 580.0 188
273.4827 582.0 188
273.8232 582.0 188
274.1693 584.0 188
274.5154 584.0 188
274.8560 584.0 188
275.1855 584.0 188
275.4822 586.0 188
275.8118 588.0 188
276.1523 588.0 188
276.4984 590.0 188
276.8390 590.0 188
277.1851 592.0 188
277.5311 592.0 188
277.8552 592.0 188
278.2013 594.0 188
278.5419 596.0 188
278.8879 596.0 188
279.2340 598.0 188
279.5142 600.0 188
279.8547 600.0 188
280.2008 602.0 188
280.5304 602.0 188
280.8710 604.0 188
281.2170 606.0 188
281.5576 608.0 188
281.9037 610.0 188
282.2333 610.0 188
282.5739 612.0 188
282.9199 614.0 188
283.2605 614.0 188
283.6066 614.0 188
283.8867 618.0 188
284.2328 620.0 188
284.5734 620.0 188
284.9030 622.0 188
285.2490 626.0 188
285.5896 626.0 188
285.9357 628.0 188
286.2762 630.0 188
286.6223 630.0 188
286.9025 632.0 188
287.2485 634.0 188
287.5891 636.0 188
287.9187 636.0 188
288.2648 640.0 188
288.6053 644.0 188
288.9514 644.0 188
289.2316 648.0 188
289.5776 650.0 188
289.9182 652.0 188
290.2643 652.0 188
290.5884 654.0 188
290.9344 658.0 188
291.2805 660.0 188
291.6211 662.0 188
291.9672 664.0 188
292.2473 668.0 188
292.5934 670.0 188
292.9340 672.0 188
293.2635 674.0 188
293.6041 676.0 188
293.9502 678.0 188
294.2963 682.0 188
294.5764 684.0 188
294.9170 686.0 188
295.2631 690.0 188
295.6091 694.0 188
295.9332 696.0 188
296.2793 700.0 188
296.5594 704.0 188
296.9055 706.0 188
297.2461 708.0 188
297.5922 712.0 188
297.9327 714.0 188
298.2788 718.0 188
298.6084 722.0 188
298.9050 724.0 188
299.2291 728.0 188
299.5752 732.0 188
299.9213 736.0 188
300.2618 738.0 188
300.6079 740.0 188
300.9485 744.0 188
301.2341 748.0 188
301.5747 752.0 188
301.9208 758.0 188
302.2449 762.0 188
302.5909 766.0 188
302.9370 768.0 188
303.2172 772.0 188
303.5577 776.0 188
303.9038 782.0 188
304.2499 786.0 188
304.5740 790.0 188
304.8706 796.0 188
305.2167 800.0 188
305.5463 804.0 188
305.8868 808.0 188
306.2329 812.0 188
306.5735 816.0 188
306.8591 822.0 188
307.1997 826.0 188
307.5458 832.0 188
307.8699 836.0 188
308.2159 842.0 188
308.5126 850.0 188
308.8422 854.0 188
309.1827 860.0 188
309.5288 866.0 188
309.8749 870.0 188
310.2155 876.0 188
310.4956 884.0 188
310.8417 898.0 188
325.8270 626.0 188
326.1511 626.0 188
326.4972 622.0 188
326.8433 620.0 188
327.1838 618.0 188
327.5299 618.0 188
327.8540 616.0 188
328.2605 614.0 188
328.6066 612.0 188
328.9362 610.0 188
329.2767 610.0 188
329.6228 608.0 188
329.9634 606.0 188
330.3094 604.0 188
330.6390 602.0 188
330.9796 602.0 188
331.3257 600.0 188
331.7157 598.0 188
332.0618 598.0 188
332.4023 596.0 188
332.7484 594.0 188
333.0890 594.0 188
333.4186 592.0 188
333.7646 590.0 188
334.1052 590.0 188
334.4513 588.0 188
334.7919 588.0 188
335.1215 586.0 188
335.5280 584.0 188
335.8740 584.0 188
336.1981 584.0 188
336.5442 582.0 188
336.8903 582.0 188
337.2308 580.0 188
337.5769 580.0 188
337.9010 578.0 188
338.2471 578.0 188
338.5931 576.0 188
338.9337 576.0 188
339.2798 574.0 188
339.6094 574.0 188
339.9500 574.0 188
340.2960 572.0 188
340.6366 572.0 188
340.9827 572.0 188
341.3123 572.0 188
341.7188 570.0 188
342.0593 570.0 188
342.3889 568.0 188
342.7295 568.0 188
343.0756 568.0 188
343.4216 568.0 188
343.7622 568.0 188
344.0918 566.0 188
344.4324 566.0 188
344.7784 566.0 188
345.1245 564.0 188
345.4651 564.0 188
345.7947 564.0 188
346.1353 564.0 188
346.4813 564.0 188
346.8274 562.0 188
347.1680 562.0 188
347.4976 562.0 188
347.8436 562.0 188
348.1842 562.0 188
348.5303 560.0 188
348.8708 560.0 188
349.2004 562.0 188
349.5465 562.0 188
349.8871 562.0 188
350.2332 562.0 188
350.5737 562.0 188
350.9198 562.0 188
351.2494 562.0 188
351.5900 564.0 188
351.9360 568.0 188
352.2766 568.0 188
352.6227 568.0 188
352.9523 568.0 188
353.2928 568.0 188
353.6389 566.0 188
353.9795 566.0 188