352.2491 3596.0 188
352.5732 3600.0 188
352.9193 3592.0 188
353.2489 3572.0 188
353.5895 3576.0 188
353.9191 3584.0 188
354.2651 3580.0 188
354.6057 3584.0 188
354.9353 3584.0 188
355.2759 3576.0 188
355.6055 3580.0 188
355.9515 3576.0 188
356.2811 3588.0 188
356.6217 3596.0 188
356.9678 3592.0 188
357.2919 3596.0 188
357.6379 3592.0 188
357.9675 3588.0 188
358.3081 3596.0 188
358.6377 3604.0 188
358.9838 3596.0 188
359.3243 3592.0 188
359.6539 3604.0 188
0.0000 3600.0 188
0.3241 3600.0 188
0.6702 3600.0 188
0.9998 3604.0 188
1.3403 3628.0 188
1.6864 3636.0 188
2.0105 3628.0 188
2.3566 3624.0 188
2.6862 3632.0 188
3.0267 3640.0 188
3.7024 3644.0 188
4.0430 3540.0 188
4.3726 3516.0 188
4.7626 3420.0 188
5.1086 3324.0 188
5.7788 3244.0 188
6.1688 3044.0 188
6.8390 2972.0 188
7.1851 2824.0 188
7.5146 2764.0 188
7.9211 2700.0 188
8.2452 2644.0 188
8.5913 2584.0 188
8.9374 2528.0 188
9.2615 2464.0 188
9.6680 2416.0 188
9.9976 2368.0 188
10.3436 2320.0 188
10.6842 2284.0 188
11.0138 2244.0 188
11.4038 2200.0 188
11.7499 2152.0 188
12.0905 2112.0 188
12.4200 2076.0 188
12.7606 2050.0 188
13.1561 2024.0 188
13.4967 1990.0 188
13.8428 1958.0 188
14.1669 1924.0 188
14.5129 1894.0 188
14.9030 1860.0 188
15.2490 1830.0 188
15.5896 1808.0 188
15.9192 1782.0 188
16.3092 1754.0 188
16.6553 1730.0 188
16.9958 1704.0 188
17.3254 1682.0 188
17.6715 1662.0 188
18.0615 1636.0 188
18.4021 1612.0 188
18.7482 1598.0 188
19.0778 1580.0 188
19.4183 1560.0 188
19.7644 1542.0 188
20.1544 1522.0 188
20.4950 1502.0 188
20.8246 1484.0 188
21.1707 1468.0 188
21.5112 1452.0 188
21.9012 1436.0 188
22.2308 1420.0 188
22.5769 1404.0 188
22.9175 1390.0 188
23.2471 1372.0 188
23.6536 1360.0 188
23.9832 1348.0 188
24.3237 1334.0 188
24.6698 1320.0 188
24.9994 1306.0 188
25.4059 1294.0 188
25.7300 1280.0 188
26.0760 1268.0 188
26.4166 1256.0 188
26.7462 1248.0 188
27.0923 1236.0 188
27.4823 1224.0 188
27.8229 1214.0 188
28.1689 1204.0 188
28.4985 1194.0 188
28.8391 1182.0 188
29.1852 1172.0 188
29.5752 1164.0 188
29.9048 1156.0 188
30.2454 1144.0 188
30.5914 1134.0 188
30.9210 1126.0 188
31.2616 1118.0 188
31.6516 1108.0 188
31.9977 1100.0 188
32.3438 1094.0 188
32.6678 1086.0 188
33.0139 1078.0 188
33.3545 1070.0 188
33.7500 1064.0 188
34.0906 1056.0 188
34.4202 1046.0 188
34.7607 1042.0 188
35.1068 1034.0 188
35.4364 1028.0 188
35.8264 1020.0 188
36.1670 1014.0 188
36.5131 1008.0 188
36.8427 1002.0 188
37.1832 996.0 188
37.5293 990.0 188
37.8589 984.0 188
38.2654 978.0 188
38.5895 972.0 188
38.9355 966.0 188
39.2761 962.0 188
39.6057 956.0 188
39.9518 950.0 188
40.3418 944.0 188
40.6824 940.0 188
41.0284 934.0 188
41.3580 928.0 188
41.6986 924.0 188
42.0447 918.0 188
42.3743 914.0 188
42.7808 910.0 188
43.1049 906.0 188
43.4509 902.0 188
43.7915 896.0 188
44.1376 892.0 188
44.4672 888.0 188
44.8077 884.0 188
45.1538 880.0 188
45.5438 876.0 188
45.8899 872.0 188
46.2140 868.0 188
46.5601 864.0 188
46.9061 860.0 188
47.2467 856.0 188
47.5763 852.0 188
47.9169 848.0 188
48.3124 844.0 188
48.6530 842.0 188
48.9990 838.0 188
49.3231 836.0 188
49.6692 832.0 188
50.0153 828.0 188
50.3558 826.0 188
50.6854 822.0 188
51.0919 818.0 188
51.4215 816.0 188
51.7621 812.0 188
52.1082 810.0 188
52.4487 806.0 188
52.7783 804.0 188
53.1244 800.0 188
53.4650 798.0 188
53.7946 796.0 188
54.2010 792.0 188
54.5306 790.0 188
54.8712 788.0 188
55.2173 786.0 188
55.5579 782.0 188
55.8875 780.0 188
56.2335 778.0 188
56.5741 776.0 188
56.9037 774.0 188
57.2498 772.0 188
57.5903 770.0 188
57.9803 766.0 188
58.3264 764.0 188
58.6670 762.0 188
58.9966 760.0 188
59.3427 758.0 188
59.6832 756.0 188
60.0128 754.0 188
60.3589 752.0 188
60.6995 750.0 188
61.0455 750.0 188
61.3696 748.0 188
61.7157 746.0 188
62.1057 744.0 188
62.4518 742.0 188
62.7924 740.0 188
63.1219 738.0 188
63.4680 736.0 188
63.8086 736.0 188
64.1547 734.0 188
64.4843 732.0 188
64.8248 732.0 188
65.1709 730.0 188
65.5115 728.0 188
65.8411 726.0 188
66.1871 724.0 188
66.5277 724.0 188
66.8573 724.0 188
67.2638 722.0 188
67.5934 720.0 188
67.9340 720.0 188
68.2800 718.0 188
68.6206 716.0 188
68.9502 716.0 188
69.2963 716.0 188
69.6368 714.0 188
69.9664 712.0 188
70.3125 712.0 188
70.6531 710.0 188
70.9991 710.0 188
71.3232 710.0 188
71.6693 708.0 188
72.0154 708.0 188
72.3395 706.0 188
72.6855 706.0 188
73.0261 706.0 188
73.3722 704.0 188
73.7018 704.0 188
74.0424 704.0 188
74.4324 702.0 188
74.7784 702.0 188
75.1245 702.0 188
75.4486 700.0 188
75.7947 700.0 188
76.4209 706.0 188
79.5740 505.0 188
79.9200 504.0 188
80.2496 505.0 188
80.5902 507.0 188
80.9363 508.0 188
81.2769 507.0 188
81.6064 507.0 188
81.9525 508.0 188
82.2931 510.0 188
82.6227 511.0 188
82.9688 510.0 188
83.3093 512.0 188
83.5895 514.0 188
83.9355 514.0 188
84.2761 516.0 188
84.6057 518.0 188
85.2924 518.0 188
87.3248 518.0 188
87.6709 696.0 188
88.0115 696.0 188
88.3575 698.0 188
88.6981 698.0 188
89.0277 698.0 188
89.3738 698.0 188
89.7144 700.0 188
90.0439 700.0 188
90.3900 702.0 188
90.7306 702.0 188
91.0767 702.0 188
91.4062 702.0 188
91.6864 704.0 188
92.0270 704.0 188
92.3730 704.0 188
92.7136 706.0 188
93.0432 706.0 188
93.3893 706.0 188
93.7299 706.0 188
94.0594 708.0 188
94.4055 708.0 188
94.7461 710.0 188
95.0922 710.0 188
95.4218 712.0 188
95.7623 712.0 188
96.1084 712.0 188
96.4325 714.0 188
96.7786 716.0 188
97.1246 716.0 188
97.4652 716.0 188
97.7948 718.0 188
98.1354 720.0 188
98.4814 722.0 188
98.8275 722.0 188
99.1077 724.0 188
99.4373 724.0 188
99.7778 726.0 188
100.1239 726.0 188
100.4645 728.0 188
100.7941 730.0 188
101.1401 730.0 188
101.4807 732.0 188
101.8103 734.0 188
102.1509 734.0 188
102.8430 738.0 188
103.2330 722.0 188
103.5132 734.0 188
103.8593 742.0 188
104.1833 744.0 188
104.8700 742.0 188
105.7764 654.0 188
106.1060 662.0 188
106.3861 672.0 188
106.7322 666.0 188
107.1222 654.0 188
107.4683 658.0 188
108.1549 664.0 188
108.8251 662.0 188
109.1052 668.0 188
109.4513 680.0 188
109.7314 692.0 188
110.0775 700.0 188
110.4016 700.0 188
110.7477 696.0 188
111.0938 692.0 188
111.4178 696.0 188
112.0441 706.0 188
112.5604 776.0 188
112.8900 770.0 188
113.2965 756.0 188
113.6865 740.0 188
114.0271 730.0 188
114.3567 736.0 188
114.7028 732.0 188
115.0433 734.0 188
116.6199 664.0 188
116.9495 660.0 188
117.2955 658.0 188
117.6361 656.0 188
117.9657 656.0 188
118.3118 656.0 188
118.6523 654.0 188
118.9984 654.0 188
119.3280 656.0 188
119.6686 658.0 188
120.0146 662.0 188
120.3387 660.0 188
126.1670 210.0 188
126.7328 212.0 188
136.3733 153.0 188
136.7139 153.0 188
136.9995 154.0 188
137.2797 155.0 188
140.0153 250.0 188
141.3116 268.0 188
141.6522 270.0 188
142.5586 274.0 188
144.1681 425.0 188
144.5581 422.0 188
144.9042 420.0 188
145.2338 419.0 188
145.5743 418.0 188
145.9644 416.0 188
146.3104 415.0 188
146.6510 413.0 188
147.0465 409.0 188
147.3871 407.0 188
147.9968 410.0 188
149.1394 499.0 188
149.4800 498.0 188
150.1556 496.0 188
150.4962 497.0 188
150.7764 504.0 188
151.0620 514.0 188
151.4026 522.0 188
151.6827 530.0 188
151.9684 540.0 188
152.2485 550.0 188
152.5891 558.0 188
152.8748 568.0 188
153.1549 578.0 188
153.4351 590.0 188
153.7152 600.0 188
154.0613 612.0 188
154.8578 808.0 188
155.1984 808.0 188
155.5444 806.0 188
155.8740 804.0 188
156.2146 804.0 188
156.5607 804.0 188
156.8903 802.0 188
157.2308 800.0 188
157.5769 802.0 188
160.3400 790.0 188
160.6696 788.0 188
161.0156 788.0 188
161.3562 786.0 188
161.6858 788.0 188
162.7185 788.0 188
163.0426 782.0 188
163.3887 780.0 188
163.7292 782.0 188
164.0588 780.0 188
164.4049 778.0 188
164.7455 780.0 188
167.5415 477.0 188
167.9480 470.0 188
168.2776 469.0 188
168.6237 472.0 188
168.9038 473.0 188
169.2499 476.0 188
169.5740 480.0 188
169.8706 484.0 188
170.2002 485.0 188
170.5463 486.0 188
170.8868 488.0 188
171.2164 489.0 188
171.5625 491.0 188
171.8427 493.0 188
172.1832 495.0 188
172.5293 497.0 188
172.8589 500.0 188
173.1390 502.0 188
173.4796 504.0 188
173.8257 506.0 188
174.1553 509.0 188
174.4958 510.0 188
174.7760 514.0 188
175.1221 518.0 188
175.7922 520.0 188
177.6050 774.0 188
177.9346 776.0 188
178.2806 776.0 188
178.6212 776.0 188
178.9508 776.0 188
179.2969 776.0 188
179.6375 778.0 188
179.9670 778.0 188
180.3076 776.0 188
180.6537 772.0 188
180.9833 774.0 188
181.3239 780.0 188
181.6534 782.0 188
181.9995 782.0 188
182.3401 782.0 188
182.6697 784.0 188
183.0103 784.0 188
183.3563 784.0 188
183.6859 786.0 188
184.0265 786.0 188
184.3726 786.0 188
184.7021 788.0 188
185.0427 790.0 188
185.3723 790.0 188
185.7184 792.0 188
186.0590 792.0 188
186.3391 794.0 188
186.6687 794.0 188
187.0148 794.0 188
187.3553 796.0 188
187.6849 798.0 188
188.0310 800.0 188
188.3716 800.0 188
188.7012 802.0 188
189.0417 802.0 188
189.3878 804.0 188
189.7174 806.0 188
190.0580 808.0 188
190.3876 808.0 188
190.7336 810.0 188
191.0742 810.0 188
191.4038 812.0 188
191.7499 814.0 188
192.0905 816.0 188
192.4200 818.0 188
192.7606 818.0 188
193.0463 822.0 188
193.3868 822.0 188
193.7164 824.0 188
194.0625 826.0 188
194.3866 828.0 188
194.7327 830.0 188
195.0732 832.0 188
195.4028 834.0 188
195.7489 836.0 188
196.0895 838.0 188
196.4191 840.0 188
196.7651 842.0 188
197.1057 844.0 188
197.4353 846.0 188
197.7155 848.0 188
198.0615 850.0 188
198.4021 852.0 188
198.7317 854.0 188
199.0778 858.0 188
199.4019 860.0 188
199.7479 862.0 188
200.0885 866.0 188
200.4181 868.0 188
200.7642 870.0 188
201.1047 872.0 188
201.4343 876.0 188
201.7804 878.0 188
202.0605 882.0 188
202.4011 884.0 188
202.7307 886.0 188
203.0768 890.0 188
203.4009 894.0 188
203.7469 896.0 188
204.0930 898.0 188
204.4336 902.0 188
204.7632 906.0 188
205.1093 908.0 188
205.3894 912.0 188
205.7300 916.0 188
206.0596 918.0 188
206.4056 922.0 188
206.7462 928.0 188
207.0923 930.0 188
207.4219 932.0 188
207.7625 936.0 188
208.1085 940.0 188
208.4326 944.0 188
208.7183 948.0 188
209.0588 954.0 188
209.4049 958.0 188
209.7455 960.0 188
210.0751 964.0 188
210.4211 970.0 188
210.7617 974.0 188
211.0913 978.0 188
211.3715 984.0 188
211.7175 988.0 188
212.0581 992.0 188
212.4042 996.0 188
212.7338 1000.0 188
213.0743 1004.0 188
213.4204 1010.0 188
213.7500 1016.0 188
214.0906 1020.0 188
215.1068 1024.0 188
215.4968 970.0 188
215.8429 964.0 188
216.1835 958.0 188
216.5131 954.0 188
216.8591 946.0 188
217.2491 940.0 188
217.5897 936.0 188
217.9358 930.0 188
218.2764 924.0 188
218.6060 918.0 188
218.9520 914.0 188
219.3420 908.0 188
219.6826 904.0 188
220.0287 898.0 188
220.3583 894.0 188
220.6989 888.0 188
221.0449 884.0 188
221.3745 880.0 188
221.7810 874.0 188
222.1051 870.0 188
222.4512 866.0 188
222.7917 862.0 188
223.1213 858.0 188
223.4674 854.0 188
223.8080 850.0 188
224.1980 844.0 188
224.5441 840.0 188
224.8737 838.0 188
225.2142 834.0 188
225.5603 830.0 188
225.9009 826.0 188
226.2305 822.0 188
226.6370 818.0 188
226.9666 814.0 188
227.3071 812.0 188
227.6532 808.0 188
227.9828 804.0 188
228.3234 802.0 188
228.6694 798.0 188
228.9990 794.0 188
229.4055 792.0 188
229.7296 788.0 188
230.0757 784.0 188
230.4218 782.0 188
230.7458 780.0 188
231.0919 778.0 188
231.4325 774.0 188
231.7786 770.0 188
232.1686 768.0 188
232.4982 766.0 188
232.8387 762.0 188
233.1848 760.0 188
233.5309 758.0 188
233.8550 756.0 188
234.2010 752.0 188
234.5416 750.0 188
234.8712 748.0 188
235.2777 744.0 188
235.6073 742.0 188
235.9479 740.0 188
236.2939 738.0 188
236.6235 736.0 188
236.9641 734.0 188
237.3102 732.0 188
237.6562 730.0 188
237.9803 728.0 188
238.3264 726.0 188
238.6670 724.0 188
239.0625 722.0 188
239.4031 720.0 188
239.7491 718.0 188
240.0732 716.0 188
240.4193 714.0 188
240.7654 712.0 188
241.1060 710.0 188
241.4355 708.0 188
241.7761 706.0 188
242.1222 704.0 188
242.4683 704.0 188
242.8583 702.0 188
243.1989 696.0 188
243.5284 690.0 188
243.8745 686.0 188
244.2151 686.0 188
244.5612 684.0 188
244.9512 682.0 188
245.2917 682.0 188
245.6213 680.0 188
245.9674 680.0 188
246.3080 678.0 188
246.6541 676.0 188
246.9836 676.0 188
247.3242 674.0 188
247.6703 674.0 188
248.0109 672.0 188
248.3405 670.0 188
248.6865 670.0 188
249.0271 670.0 188
249.3567 668.0 188
249.7028 668.0 188
250.0433 668.0 188
250.3894 666.0 188
250.7135 666.0 188
251.0596 666.0 188
251.4496 664.0 188
251.7957 664.0 188
252.1362 664.0 188
252.4823 662.0 188
252.8119 662.0 188
253.1525 662.0 188
253.4985 660.0 188
253.8391 660.0 188
254.1687 660.0 188
254.5148 658.0 188
254.8553 658.0 188
255.2014 658.0 188
255.5310 658.0 188
255.8716 658.0 188
256.2177 658.0 188
256.5582 656.0 188
256.8878 656.0 188
257.2339 656.0 188
257.5745 656.0 188
257.9205 656.0 188
258.2446 656.0 188
258.5907 656.0 188
258.9368 656.0 188
259.2609 654.0 188
259.6069 654.0 188
259.9530 654.0 188
260.2936 654.0 188
260.6232 654.0 188
260.9637 654.0 188
261.3098 654.0 188
261.6559 656.0 188
261.9800 654.0 188
262.3260 656.0 188
262.6666 656.0 188
263.0127 654.0 188
263.3423 656.0 188
263.6829 656.0 188
264.0289 656.0 188
264.3750 656.0 188
264.6991 656.0 188
265.0452 656.0 188
265.3857 656.0 188
265.7318 656.0 188
266.0614 656.0 188
266.4020 656.0 188
266.7480 658.0 188
267.0776 658.0 188
267.4182 658.0 188
267.7643 658.0 188
268.1049 658.0 188
268.4344 660.0 188
268.7805 660.0 188
269.1211 660.0 188
269.4672 662.0 188
269.7968 662.0 188
270.1373 662.0 188
270.4834 662.0 188
270.8075 662.0 188
271.1536 664.0 188
271.4832 664.0 188
271.7633 666.0 188
272.1094 666.0 188
272.4500 666.0 188
272.7795 668.0 188
273.1201 668.0 188
273.4497 668.0 188
273.7958 670.0 188
274.1364 670.0 188
274.4659 672.0 188
274.8120 674.0 188
275.1361 674.0 188
275.4822 674.0 188
275.8228 676.0 188
276.1523 676.0 188
276.4984 678.0 188
276.8280 678.0 188
277.1686 680.0 188
277.5146 680.0 188
277.8387 682.0 188
278.1244 684.0 188
278.4650 684.0 188
278.7946 686.0 188
279.1406 686.0 188
279.4812 688.0 188
279.8108 690.0 188
280.1514 690.0 188
280.4810 692.0 188
280.8270 694.0 188
281.1676 694.0 188
281.4972 696.0 188
281.8433 698.0 188
282.1674 698.0 188
282.5134 700.0 188
282.8430 702.0 188
283.1396 704.0 188
283.4637 706.0 188
283.8098 706.0 188
284.1394 708.0 188
284.8096 714.0 188
285.7764 1542.0 188
286.1224 1562.0 188
286.4685 1588.0 188
286.7926 1616.0 188
287.1387 1638.0 188
287.4188 1662.0 188
287.7484 1690.0 188
288.0890 1720.0 188
288.4351 1752.0 188
288.7152 1786.0 188
289.0448 1816.0 188
289.3854 1844.0 188
289.7150 1884.0 188
289.9951 1922.0 188
290.3412 1956.0 188
290.6873 1996.0 188
291.0114 2038.0 188
291.2915 2084.0 188
291.6376 2136.0 188
292.6538 2172.0 188
293.1042 3508.0 188
293.4338 3452.0 188
293.7799 3420.0 188
294.1040 3396.0 188
294.4501 3364.0 188
294.7797 3332.0 188
295.1202 3300.0 188
295.4663 3272.0 188
295.7959 3236.0 188
296.1365 3204.0 188
296.4661 3184.0 188
296.8121 3148.0 188
297.1527 3124.0 188
297.4823 3104.0 188
297.8229 3084.0 188
298.2184 3060.0 188
298.5590 3036.0 188
298.8885 3040.0 188
299.2291 3060.0 188
299.5587 3072.0 188
299.8389 3088.0 188
300.1849 3100.0 188
300.5310 3116.0 188
300.8551 3136.0 188
301.2012 3144.0 188
301.5308 3164.0 188
301.8713 3176.0 188
302.2174 3180.0 188
302.5415 3196.0 188
302.8876 3220.0 188
303.2172 3236.0 188
303.5577 3252.0 188
303.9038 3272.0 188
304.2334 3288.0 188
304.5740 3308.0 188
304.9036 3328.0 188
305.2496 3344.0 188
305.5902 3356.0 188
305.9198 3352.0 188
306.5900 3336.0 188
307.2656 1836.0 188
307.9523 1820.0 188
309.6387 1802.0 188
309.9683 1808.0 188
310.3088 1824.0 188
310.6384 1846.0 188
310.9790 1864.0 188
311.3251 1876.0 188
311.6052 1892.0 188
311.9348 1904.0 188
312.2809 1910.0 188
312.6050 1920.0 188
312.9510 1922.0 188
313.2916 1914.0 188
313.6212 1902.0 188
314.0112 1890.0 188
314.3573 1880.0 188
315.0275 1884.0 188
315.3076 2034.0 188
315.5933 2052.0 188
315.9338 2068.0 188
316.2799 2084.0 188
316.6040 2104.0 188
316.9501 2120.0 188
317.2797 2136.0 188
317.6202 2152.0 188
317.9663 2168.0 188
318.2959 2184.0 188
318.6365 2208.0 188
318.9661 2228.0 188
319.2462 2252.0 188
319.5923 2276.0 188
319.9329 2296.0 188
320.2625 2312.0 188
320.6085 2336.0 188
320.9326 2356.0 188
321.2787 2380.0 188
321.6248 2404.0 188
321.9489 2432.0 188
322.2949 2452.0 188
322.5751 2472.0 188
322.9211 2496.0 188
323.2452 2528.0 188
323.5913 2552.0 188
323.9209 2580.0 188
324.2615 2612.0 188
324.6075 2640.0 188
324.9371 2660.0 188
325.2777 2688.0 188
325.6073 2720.0 188
325.8875 2748.0 188
326.2335 2784.0 188
326.5741 2824.0 188
326.9037 2860.0 188
327.2498 2900.0 188
327.5739 2936.0 188
327.9199 2968.0 188
328.2605 3000.0 188
328.5901 3040.0 188
328.8702 3084.0 188
329.2163 3132.0 188
329.5459 3176.0 188
329.8865 3224.0 188
330.2325 3256.0 188
330.5621 3292.0 188
330.9027 3340.0 188
331.2323 3396.0 188
331.5729 3444.0 188
331.9189 3488.0 188
332.1991 3544.0 188
332.5287 3600.0 188
332.8748 3660.0 188
333.2153 3704.0 188
333.5449 3744.0 188
333.8855 3744.0 188
334.2151 3728.0 188
334.5612 3736.0 188
334.8853 3752.0 188
335.2313 3760.0 188
335.5609 3756.0 188
335.9015 3752.0 188
336.2476 3744.0 188
336.5771 3732.0 188
336.9177 3724.0 188
337.2473 3720.0 188
337.5934 3700.0 188
337.9175 3692.0 188
338.2635 3692.0 188
338.5931 3688.0 188
338.9337 3696.0 188
339.2633 3692.0 188
339.9500 3680.0 188
341.1694 1512.0 188
341.5155 1510.0 188
341.8396 1508.0 188
342.1857 1506.0 188
342.5262 1506.0 188
343.5260 1514.0 188
343.9819 3616.0 188
344.3280 3616.0 188
344.6521 3608.0 188
344.9982 3608.0 188
345.3278 3608.0 188
345.6683 3600.0 188
346.0144 3600.0 188
346.3385 3600.0 188
346.6846 3596.0 188
347.0142 3604.0 188
347.3547 3604.0 188
348.0304 3576.0 188
349.0302 3588.0 188
349.3707 3584.0 188
349.7168 3588.0 188
350.0464 3580.0 188
350.3870 3572.0 188
350.7166 3572.0 188
351.0571 3572.0 188
351.3867 3572.0 188
351.7328 3580.0 188
