355.1990 2132.0 188
357.5281 2068.0 188
357.8577 2068.0 188
358.1873 2064.0 188
358.5278 2064.0 188
358.8574 2060.0 188
359.1870 2060.0 188
359.5111 2060.0 188
359.8407 2056.0 188
0.1868 2056.0 188
0.5109 2056.0 188
0.8405 2052.0 188
1.1700 2052.0 188
1.5106 2052.0 188
1.8402 2052.0 188
2.1698 2052.0 188
2.4994 2052.0 188
2.8235 2052.0 188
3.1696 2052.0 188
3.5431 2048.0 188
3.8892 2048.0 188
4.2188 2048.0 188
4.5428 2048.0 188
4.8724 2044.0 188
5.2020 2046.0 188
5.4822 2054.0 188
5.8118 2052.0 188
6.1523 2052.0 188
6.4819 2052.0 188
6.8115 2052.0 188
7.1356 2052.0 188
7.4652 2052.0 188
7.8113 2052.0 188
8.1354 2052.0 188
8.4650 2052.0 188
8.7946 2052.0 188
9.1406 2052.0 188
9.4647 2052.0 188
9.7943 2056.0 188
10.1239 2056.0 188
10.4480 2056.0 188
10.7941 2056.0 188
11.1237 2056.0 188
11.4478 2060.0 188
11.7773 2060.0 188
12.1234 2060.0 188
12.4530 2064.0 188
12.7771 2064.0 188
13.1067 2068.0 188
13.4363 2068.0 188
14.1064 2068.0 188
20.3577 1508.0 188
21.3574 1476.0 188
21.7474 1376.0 188
22.1375 1348.0 188
22.4670 1326.0 188
22.8076 1296.0 188
23.1866 1268.0 188
23.5272 1246.0 188
23.9062 1222.0 188
24.2468 1200.0 188
24.5764 1180.0 188
24.9664 1160.0 188
25.6860 1078.0 188
26.0760 1058.0 188
26.4056 1040.0 188
26.7297 1042.0 188
27.0758 1050.0 188
27.7295 1038.0 188
28.4491 1020.0 188
28.7787 1018.0 188
29.7290 1048.0 188
30.0586 1046.0 188
30.3882 1052.0 188
30.7343 1058.0 188
31.0583 1058.0 188
31.3879 1060.0 188
31.7175 1064.0 188
32.0581 1068.0 188
32.3273 1076.0 188
32.6678 1082.0 188
32.9974 1080.0 188
33.3270 1082.0 188
33.6511 1086.0 188
33.9972 1096.0 188
34.3268 1108.0 188
34.6509 1112.0 188
35.5902 1120.0 188
37.1558 1860.0 188
37.7655 1960.0 188
38.0896 1970.0 188
38.4192 1974.0 188
38.7488 1986.0 188
39.0894 1994.0 188
39.4189 2004.0 188
39.7485 2014.0 188
40.0781 2020.0 188
40.4187 2022.0 188
40.7483 2024.0 188
41.0779 2036.0 188
41.3580 2050.0 188
41.6821 2064.0 188
42.0282 2068.0 188
42.3578 2076.0 188
42.6874 2096.0 188
43.0115 2104.0 188
43.3575 2108.0 188
43.6871 2116.0 188
44.0112 2120.0 188
44.7308 1950.0 188
45.0769 1936.0 188
45.4010 1956.0 188
46.0602 1968.0 188
47.4060 1962.0 188
47.7301 1952.0 188
48.0597 1944.0 188
48.3893 1944.0 188
48.7299 1948.0 188
49.0594 1952.0 188
49.3890 1960.0 188
50.7788 970.0 188
51.7181 1020.0 188
52.0587 988.0 188
52.4323 978.0 188
52.7783 978.0 188
53.1079 980.0 188
53.4375 982.0 188
53.7781 980.0 188
54.1077 980.0 188
54.4373 980.0 188
54.7614 978.0 188
55.1074 982.0 188
55.3711 988.0 188
55.7172 986.0 188
56.1072 982.0 188
56.4368 970.0 188
56.7609 972.0 188
57.0905 976.0 188
57.4365 978.0 188
57.7002 994.0 188
58.0463 1008.0 188
58.3704 1014.0 188
58.7000 1020.0 188
59.5898 2340.0 188
59.9194 2324.0 188
60.2490 2308.0 188
60.5896 2296.0 188
60.9192 2288.0 188
61.2488 2284.0 188
61.5729 2276.0 188
61.9189 2264.0 188
62.2485 2252.0 188
62.5781 2244.0 188
62.9187 2236.0 188
63.2922 2228.0 188
63.6383 2224.0 188
63.9679 2216.0 188
64.2920 2204.0 188
64.6381 2192.0 188
64.9677 2188.0 188
65.2917 2180.0 188
65.6213 2168.0 188
65.9674 2168.0 188
66.2915 2160.0 188
66.6211 2152.0 188
66.9672 2144.0 188
67.2968 2140.0 188
67.6208 2136.0 188
67.9504 2132.0 188
69.2303 1084.0 188
69.5599 1084.0 188
69.9060 1092.0 188
70.6201 1052.0 188
70.9497 1048.0 188
71.2793 1040.0 188
71.6199 1036.0 188
71.9495 1034.0 188
72.2791 1034.0 188
72.6196 1030.0 188
73.6084 1034.0 188
76.2341 382.0 188
76.5582 381.0 188
76.8878 380.0 188
77.2339 380.0 188
77.5580 379.0 188
77.9480 378.0 188
78.2776 377.0 188
78.6072 376.0 188
78.9478 376.0 188
79.2773 375.0 188
79.6069 375.0 188
79.9365 374.0 188
80.2771 373.0 188
80.6067 373.0 188
80.9967 372.0 188
81.3263 371.0 188
81.6559 371.0 188
81.9965 371.0 188
82.3260 370.0 188
82.6556 369.0 188
82.9797 369.0 188
83.9795 369.0 188
84.7650 394.0 188
85.5450 380.0 188
85.8746 379.0 188
86.2646 378.0 188
86.5887 377.0 188
86.9183 377.0 188
87.1985 379.0 188
87.5281 379.0 188
87.9181 378.0 188
88.2477 377.0 188
88.5938 376.0 188
88.9178 376.0 188
89.2474 375.0 188
89.5770 375.0 188
89.9176 375.0 188
90.2472 374.0 188
90.5768 375.0 188
90.9009 374.0 188
91.2469 374.0 188
91.5765 374.0 188
91.9061 374.0 188
92.2302 373.0 188
92.5763 373.0 188
92.9059 373.0 188
93.2300 373.0 188
93.5760 373.0 188
93.9056 373.0 188
94.2297 373.0 188
94.5593 373.0 188
94.9054 373.0 188
95.2295 373.0 188
95.5591 373.0 188
95.8887 373.0 188
96.2292 373.0 188
96.5588 373.0 188
96.9489 372.0 188
97.2784 372.0 188
97.5586 373.0 188
97.8882 373.0 188
98.2178 373.0 188
98.5583 373.0 188
98.8879 373.0 188
99.2175 373.0 188
99.5416 373.0 188
99.8877 373.0 188
100.2173 374.0 188
100.5469 374.0 188
100.8875 374.0 188
101.2170 374.0 188
101.5466 374.0 188
101.8707 374.0 188
102.2168 374.0 188
102.5464 375.0 188
102.8705 375.0 188
103.2001 376.0 188
103.5461 376.0 188
103.8702 376.0 188
104.1998 376.0 188
104.5459 377.0 188
104.8700 377.0 188
105.1996 377.0 188
105.5292 378.0 188
105.8698 378.0 188
106.1993 378.0 188
106.4795 379.0 188
106.8091 379.0 188
107.1387 380.0 188
107.4683 380.0 188
107.8088 381.0 188
108.1384 381.0 188
108.4680 381.0 188
108.7921 382.0 188
109.1382 383.0 188
109.4678 383.0 188
109.7919 384.0 188
110.1379 384.0 188
110.4016 385.0 188
110.7477 385.0 188
111.0773 386.0 188
111.4014 386.0 188
111.7310 387.0 188
112.0770 388.0 188
112.4011 389.0 188
112.7307 389.0 188
113.0603 390.0 188
113.3899 390.0 188
113.6700 391.0 188
113.9996 392.0 188
114.3237 393.0 188
114.6533 394.0 188
114.9994 394.0 188
115.3235 395.0 188
115.6531 396.0 188
115.9167 397.0 188
116.3123 395.0 188
116.6364 396.0 188
116.9165 402.0 188
117.2461 402.0 188
117.5757 401.0 188
117.9053 402.0 188
118.2294 403.0 188
118.5150 405.0 188
118.8391 405.0 188
119.1687 406.0 188
119.4983 407.0 188
119.8279 408.0 188
120.1685 409.0 188
120.4321 410.0 188
120.7617 411.0 188
121.0913 412.0 188
121.4374 413.0 188
121.7615 415.0 188
122.0911 415.0 188
122.4207 416.0 188
122.6843 418.0 188
123.0304 419.0 188
123.3545 420.0 188
123.6841 421.0 188
124.0137 423.0 188
124.2938 424.0 188
124.6234 426.0 188
124.9530 427.0 188
125.2771 428.0 188
125.6067 430.0 188
125.9363 431.0 188
126.2164 432.0 188
126.5460 434.0 188
126.8701 436.0 188
127.1997 437.0 188
127.5293 438.0 188
127.8094 440.0 188
128.1390 441.0 188
128.4686 443.0 188
128.7927 445.0 188
129.1223 446.0 188
129.4025 448.0 188
129.7321 450.0 188
130.0616 451.0 188
130.3857 453.0 188
130.7318 455.0 188
130.9955 457.0 188
131.3251 458.0 188
131.6547 460.0 188
131.9952 462.0 188
132.2644 464.0 188
132.5885 466.0 188
132.9181 468.0 188
133.2642 470.0 188
133.5938 472.0 188
133.8574 474.0 188
134.1870 476.0 188
134.5276 478.0 188
134.8572 480.0 188
135.1208 483.0 188
135.4504 485.0 188
135.7965 487.0 188
136.1206 490.0 188
136.3898 492.0 188
136.7139 495.0 188
137.0435 497.0 188
137.3895 499.0 188
137.6532 503.0 188
137.9828 504.0 188
138.3124 506.0 188
138.6530 512.0 188
138.9825 512.0 188
139.5758 518.0 188
139.9219 522.0 188
140.5151 524.0 188
150.3259 558.0 188
150.6555 556.0 188
150.9796 554.0 188
151.3257 550.0 188
151.6553 548.0 188
152.0453 546.0 188
152.3749 544.0 188
152.6990 540.0 188
153.0286 538.0 188
153.3582 536.0 188
153.7482 534.0 188
154.0778 532.0 188
154.4019 530.0 188
154.7479 528.0 188
155.0775 528.0 188
155.4016 526.0 188
155.7312 524.0 188
156.1212 520.0 188
156.4508 518.0 188
156.7804 518.0 188
157.1045 516.0 188
157.4506 514.0 188
157.8241 512.0 188
158.1537 511.0 188
158.4998 509.0 188
158.8239 508.0 188
159.1534 506.0 188
159.4830 505.0 188
159.8071 505.0 188
160.1532 502.0 188
160.5267 499.0 188
160.8563 498.0 188
161.2024 496.0 188
161.5265 495.0 188
161.8561 495.0 188
162.1857 493.0 188
162.5757 491.0 188
162.9053 490.0 188
163.2294 488.0 188
163.5590 488.0 188
163.9050 486.0 188
164.2291 485.0 188
164.5587 484.0 188
164.9487 482.0 188
165.2783 481.0 188
165.6079 480.0 188
165.9375 479.0 188
166.2616 478.0 188
166.6077 477.0 188
166.9373 476.0 188
167.2614 474.0 188
167.5909 474.0 188
167.9205 473.0 188
168.3105 472.0 188
168.6401 471.0 188
168.9642 470.0 188
169.3103 469.0 188
169.6399 469.0 188
169.9640 468.0 188
170.2936 467.0 188
170.6232 466.0 188
170.9528 466.0 188
171.2933 465.0 188
171.6229 464.0 188
171.9525 464.0 188
172.3425 463.0 188
172.6666 462.0 188
172.9962 461.0 188
173.3258 460.0 188
173.6554 460.0 188
173.9960 460.0 188
174.3256 459.0 188
174.6552 458.0 188
174.9792 457.0 188
175.3088 457.0 188
175.6384 457.0 188
175.9790 457.0 188
176.3086 456.0 188
176.6986 455.0 188
177.0282 455.0 188
177.3578 454.0 188
177.6874 453.0 188
178.0115 448.0 188
178.3411 448.0 188
178.6707 454.0 188
179.0112 452.0 188
179.3903 444.0 188
179.7803 439.0 188
180.0604 440.0 188
180.7141 445.0 188
181.3733 441.0 188
181.7029 441.0 188
182.0435 440.0 188
182.7466 438.0 188
186.8280 421.0 188
187.7179 439.0 188
189.3713 439.0 188
189.6405 442.0 188
189.9646 441.0 188
190.3546 437.0 188
190.6842 438.0 188
190.9644 440.0 188
191.2939 440.0 188
191.6235 441.0 188
191.9806 2908.0 188
192.9803 2916.0 188
197.2760 2920.0 188
198.1055 2104.0 188
199.2480 2984.0 188
199.5886 2984.0 188
199.9182 2980.0 188
200.2478 2988.0 188
200.5774 3000.0 188
200.9015 3004.0 188
201.2311 3012.0 188
201.5771 3020.0 188
201.9012 3032.0 188
202.2308 3052.0 188
202.5604 3056.0 188
202.8900 3060.0 188
203.2141 3056.0 188
203.5602 3056.0 188
203.8898 3048.0 188
204.2139 3068.0 188
204.4830 3108.0 188
204.8236 3108.0 188
205.1532 3108.0 188
205.4828 3108.0 188
205.8124 3112.0 188
206.8121 3112.0 188
207.1362 3112.0 188
207.4658 3120.0 188
207.8119 3128.0 188
208.1360 3136.0 188
208.4656 3140.0 188
208.7952 3148.0 188
209.1357 3164.0 188
209.4653 3124.0 188
209.8553 3068.0 188
210.1849 3020.0 188
210.5145 3012.0 188
210.8386 3036.0 188
211.1682 3036.0 188
211.5143 3012.0 188
211.8384 2980.0 188
212.1680 2936.0 188
212.4976 2904.0 188
212.8436 2868.0 188
213.1677 2820.0 188
213.4973 2784.0 188
213.8269 2756.0 188
214.2169 2728.0 188
214.5465 2696.0 188
214.8871 2672.0 188
215.2167 2644.0 188
215.8704 2616.0 188
218.9191 2348.0 188
220.2484 2236.0 188
220.9680 2228.0 188
222.2314 2304.0 188
222.5610 2320.0 188
222.9016 2340.0 188
223.2312 2360.0 188
223.8904 2276.0 188
224.2310 2276.0 188
224.5605 2280.0 188
224.8901 2288.0 188
225.2142 2296.0 188
225.5438 2304.0 188
225.8899 2308.0 188
226.2140 2312.0 188
226.5436 2320.0 188
226.8732 2328.0 188
227.2137 2328.0 188
227.5433 2336.0 188
227.8729 2340.0 188
228.2025 2344.0 188
228.5266 2352.0 188
228.8727 2360.0 188
229.2023 2360.0 188
229.5264 2368.0 188
229.8560 2368.0 188
230.2020 2372.0 188
230.5261 2380.0 188
230.8557 2384.0 188
231.1853 2388.0 188
231.5259 2392.0 188
231.8555 2396.0 188
232.1851 2404.0 188
232.5146 2408.0 188
232.8387 2420.0 188
233.1848 2432.0 188
233.5144 2436.0 188
233.8385 2444.0 188
234.1681 2448.0 188
234.8438 2456.0 188
237.1674 712.0 188
237.4969 720.0 188
237.7771 724.0 188
238.1067 728.0 188
238.4528 732.0 188
238.7769 738.0 188
239.1064 744.0 188
239.3866 750.0 188
239.7162 754.0 188
240.0623 760.0 188
240.3864 766.0 188
240.6665 772.0 188
240.9961 778.0 188
241.3257 784.0 188
241.6718 792.0 188
241.9354 798.0 188
242.2760 806.0 188
242.6056 812.0 188
242.9352 818.0 188
243.2153 824.0 188
243.5449 832.0 188
243.8855 840.0 188
244.1547 848.0 188
244.4952 856.0 188
244.8248 862.0 188
245.8246 870.0 188
246.7639 888.0 188
250.3235 958.0 188
250.6531 964.0 188
251.6528 972.0 188
252.9822 974.0 188
253.6523 972.0 188
259.9200 1320.0 188
260.2496 1306.0 188
260.5902 1306.0 188
260.9198 1312.0 188
261.2494 1306.0 188
261.5900 1298.0 188
261.9196 1298.0 188
262.3096 1294.0 188
262.6392 1292.0 188
262.9688 1290.0 188
263.3093 1290.0 188
263.6389 1288.0 188
263.9685 1286.0 188
264.3091 1284.0 188
264.6387 1284.0 188
264.9683 1284.0 188
265.3088 1280.0 188
265.6384 1276.0 188
265.9680 1276.0 188
266.3086 1274.0 188
266.6382 1274.0 188
266.9678 1272.0 188
267.2919 1270.0 188
267.6379 1268.0 188
267.9675 1268.0 188
268.2916 1268.0 188
268.6377 1268.0 188
268.9673 1268.0 188
269.2969 1268.0 188
269.6210 1266.0 188
269.9670 1266.0 188
270.2966 1264.0 188
270.6207 1262.0 188
270.9503 1262.0 188
271.2799 1264.0 188
272.2797 1258.0 188
272.6532 1208.0 188
272.9828 1208.0 188
273.3234 1208.0 188
273.9166 1278.0 188
274.2462 1258.0 188
274.5923 1256.0 188
274.9219 1252.0 188
275.2460 1262.0 188
275.5756 1262.0 188
275.9052 1250.0 188
276.2292 1248.0 188
276.5753 1244.0 188
276.9049 1244.0 188
277.2290 1242.0 188
277.5586 1242.0 188
277.8882 1244.0 188
278.2178 1244.0 188
278.5419 1248.0 188
278.8879 1252.0 188
279.2175 1236.0 188
279.8712 1260.0 188
280.2008 1250.0 188
280.5304 1250.0 188
280.8545 1252.0 188
281.2006 1252.0 188
281.5302 1254.0 188
281.8542 1254.0 188
282.1838 1256.0 188
282.5134 1266.0 188
282.8430 1284.0 188
283.1232 1306.0 188
284.1559 3096.0 188
284.4965 3120.0 188
284.8260 3128.0 188
285.4797 3132.0 188
285.9796 5248.0 188
286.3092 5240.0 188
286.6388 5240.0 188
286.9684 5240.0 188
287.2925 5256.0 188
287.6221 5280.0 188
287.9517 5280.0 188
288.2922 5256.0 188
288.6218 5264.0 188
288.9514 5264.0 188
289.2810 5280.0 188
289.6051 5312.0 188
289.9347 5304.0 188
290.2643 5304.0 188
290.6049 5320.0 188
290.9344 5352.0 188
291.2640 5368.0 188
291.5936 5384.0 188
292.6373 2208.0 188
292.9669 2192.0 188
293.3075 2176.0 188
293.6371 2172.0 188
293.9667 2156.0 188
294.2963 2140.0 188
294.6204 2120.0 188
294.9500 2104.0 188
295.2795 2096.0 188
295.6201 2080.0 188
295.9497 2060.0 188
296.2793 2054.0 188
296.6693 2044.0 188
296.9989 2028.0 188
297.3230 2014.0 188
297.6526 2006.0 188
297.9822 1996.0 188
298.3118 1982.0 188
298.6359 1972.0 188
298.9819 1960.0 188
299.3115 1948.0 188
299.6356 1932.0 188
299.9652 1926.0 188
300.2948 1920.0 188
300.6244 1904.0 188
301.0144 1890.0 188
301.3385 1882.0 188
301.6846 1872.0 188
302.0142 1864.0 188
302.3438 1858.0 188
302.6678 1848.0 188
302.9974 1836.0 188
303.3435 1826.0 188
303.6676 1816.0 188
303.9972 1806.0 188
304.3268 1800.0 188
304.6509 1794.0 188
304.9969 1790.0 188
305.3265 1776.0 188
305.6561 1768.0 188
305.9802 1760.0 188
306.3702 1750.0 188
306.6998 1742.0 188
307.0294 1736.0 188
307.3590 1726.0 188
307.6996 1716.0 188
308.0292 1712.0 188
308.3588 1706.0 188
308.6829 1696.0 188
309.0125 1688.0 188
309.3585 1686.0 188
309.6826 1678.0 188
310.0122 1666.0 188
310.3418 1664.0 188
310.6714 1668.0 188
311.6711 1680.0 188
312.6709 1684.0 188
315.0439 1622.0 188
315.3735 1614.0 188
315.7031 1620.0 188
317.6367 1648.0 188
321.8884 1778.0 188
322.2180 1810.0 188
322.5421 1830.0 188
322.8717 1836.0 188
323.2013 1844.0 188
323.5419 1858.0 188
323.8715 1866.0 188
324.2010 1880.0 188
324.5306 1890.0 188
324.8108 1898.0 188
325.1404 1908.0 188
325.4645 1922.0 188
325.7941 1942.0 188
326.1401 1956.0 188
326.4642 1970.0 188
326.7938 1978.0 188
327.1234 1992.0 188
327.4530 2018.0 188
327.7936 2034.0 188
328.1232 2048.0 188
328.3868 2068.0 188
328.7329 2084.0 188
329.0625 2100.0 188
329.3866 2112.0 188
329.7162 2128.0 188
330.0458 2152.0 188
330.3864 2172.0 188
330.7159 2192.0 188
331.0455 2212.0 188
331.3696 2224.0 188
331.6553 2240.0 188
331.9794 2264.0 188
332.3090 2288.0 188
332.6385 2260.0 188
333.0286 2220.0 188
333.3087 2240.0 188
334.2920 2248.0 188
334.6216 2388.0 188
334.9512 2368.0 188
335.2917 2384.0 188
335.6213 2388.0 188
335.9509 2388.0 188
336.2805 2384.0 188
336.6046 2360.0 188
336.9342 2340.0 188
337.2638 2332.0 188
337.6044 2324.0 188
337.9340 2324.0 188
338.2635 2328.0 188
338.5931 2320.0 188
338.9172 2308.0 188
339.2468 2300.0 188
339.5764 2292.0 188
339.9170 2284.0 188
340.2466 2276.0 188
340.5762 2272.0 188
340.9058 2272.0 188
341.2299 2260.0 188
341.5594 2252.0 188
341.8890 2240.0 188
342.2791 2232.0 188
342.5592 2236.0 188
342.9327 2220.0 188
343.2788 2212.0 188
343.6084 2212.0 188
343.9325 2212.0 188
344.2621 2204.0 188
344.5917 2204.0 188
344.9213 2204.0 188
345.2454 2196.0 188
346.6846 1292.0 188
347.0306 1284.0 188
347.6843 1278.0 188
348.2336 2140.0 188
348.5577 2136.0 188
348.8873 2132.0 188
349.2169 2124.0 188
349.5465 2120.0 188
349.8871 2124.0 188
350.2167 2128.0 188
350.5463 2132.0 188
350.8704 2140.0 188
351.2000 2144.0 188