352.4194 2128.0 188
352.7325 2132.0 188
353.0621 2120.0 188
353.3698 2112.0 188
353.6993 2112.0 188
354.0125 2108.0 188
354.3420 2112.0 188
354.6716 2112.0 188
354.9792 2116.0 188
355.3088 2124.0 188
355.6219 2124.0 188
355.9515 2116.0 188
356.9019 2108.0 188
359.8572 2008.0 188
2.1094 2046.0 188
2.4335 2044.0 188
2.7466 2042.0 188
3.0762 2042.0 188
3.3893 2040.0 188
3.7134 2036.0 188
4.0265 2036.0 188
4.3561 2036.0 188
4.6857 2036.0 188
4.9988 2034.0 188
5.3229 2030.0 188
5.6360 2028.0 188
5.9656 2028.0 188
6.2787 2028.0 188
6.6083 2026.0 188
6.9214 2026.0 188
7.2455 2024.0 188
7.5751 2024.0 188
7.8882 2022.0 188
8.2178 2022.0 188
8.5309 2020.0 188
8.8550 2020.0 188
9.1681 2020.0 188
9.4977 2018.0 188
9.8273 2018.0 188
10.1404 2016.0 188
10.4645 2016.0 188
10.7776 2016.0 188
11.1072 2014.0 188
11.4203 2016.0 188
11.7499 2016.0 188
12.0575 2014.0 188
12.3871 2016.0 188
12.7167 2016.0 188
13.0298 2016.0 188
13.3594 2016.0 188
13.6670 2016.0 188
13.9966 2018.0 188
14.3097 2020.0 188
14.6393 2018.0 188
14.9634 2020.0 188
15.2765 2020.0 188
15.6061 2022.0 188
15.9192 2022.0 188
16.2488 2024.0 188
16.5729 2024.0 188
16.8860 2024.0 188
17.2156 2026.0 188
17.5452 2030.0 188
17.8583 2032.0 188
18.1824 2032.0 188
18.4955 2032.0 188
19.1547 2032.0 188
24.4171 1714.0 188
25.1697 1456.0 188
25.5432 1422.0 188
25.8728 1386.0 188
26.2463 1356.0 188
26.5594 1324.0 188
26.9495 1292.0 188
27.2626 1264.0 188
28.2953 1186.0 188
28.6688 1162.0 188
28.9819 1140.0 188
29.3115 1118.0 188
30.0586 1034.0 188
30.4486 1014.0 188
30.7617 998.0 188
31.0913 994.0 188
31.4044 1004.0 188
32.3712 1008.0 188
33.3435 1016.0 188
33.6676 1010.0 188
33.9807 1002.0 188
34.3103 1004.0 188
34.6399 1004.0 188
34.9530 1008.0 188
35.2771 1012.0 188
35.5902 1012.0 188
35.9198 1014.0 188
36.2494 1018.0 188
36.5625 1020.0 188
36.8866 1022.0 188
37.1558 1032.0 188
37.4799 1034.0 188
37.7930 1032.0 188
38.1226 1034.0 188
38.4357 1038.0 188
38.7653 1042.0 188
39.0894 1056.0 188
39.4025 1066.0 188
39.6716 1070.0 188
39.9957 1082.0 188
40.7812 1860.0 188
41.1053 1864.0 188
41.4349 1872.0 188
41.7480 1884.0 188
42.0776 1890.0 188
42.3413 1896.0 188
42.6544 1900.0 188
42.9840 1908.0 188
43.3081 1916.0 188
43.6212 1924.0 188
43.9508 1926.0 188
44.2804 1930.0 188
44.5935 1936.0 188
44.9176 1942.0 188
45.2307 1952.0 188
45.5603 1962.0 188
45.8899 1968.0 188
46.2030 1972.0 188
46.5271 1980.0 188
46.8567 1988.0 188
47.1698 1998.0 188
47.4994 2010.0 188
47.8235 2016.0 188
48.1366 2022.0 188
48.4662 2028.0 188
48.7958 2036.0 188
49.1089 2048.0 188
50.1361 1884.0 188
50.4053 1906.0 188
50.7294 1928.0 188
51.0425 1924.0 188
51.3721 1920.0 188
51.7017 1928.0 188
52.0148 1942.0 188
52.3389 1948.0 188
52.6685 1954.0 188
52.9816 1962.0 188
53.3112 1974.0 188
53.6353 1986.0 188
53.9484 2002.0 188
54.2780 2012.0 188
54.6075 2020.0 188
54.9207 2028.0 188
56.6675 912.0 188
56.9971 916.0 188
57.3267 930.0 188
57.6398 928.0 188
57.9639 912.0 188
58.2935 912.0 188
58.6066 914.0 188
58.9362 912.0 188
59.5734 914.0 188
60.3424 868.0 188
60.6555 854.0 188
60.9796 856.0 188
61.3092 858.0 188
61.6223 860.0 188
61.9519 860.0 188
62.2760 862.0 188
62.5891 866.0 188
62.9187 870.0 188
63.2483 876.0 188
63.5120 880.0 188
63.8251 892.0 188
64.4183 940.0 188
64.7479 940.0 188
65.4950 860.0 188
65.8246 850.0 188
66.1542 848.0 188
66.4673 852.0 188
66.7969 854.0 188
67.1210 854.0 188
67.4341 860.0 188
67.7637 868.0 188
68.0933 872.0 188
68.4009 864.0 188
68.7305 862.0 188
69.0601 864.0 188
69.3732 866.0 188
69.7028 862.0 188
70.0269 856.0 188
70.3400 856.0 188
70.6696 854.0 188
70.9991 854.0 188
71.3123 862.0 188
72.2791 872.0 188
72.6196 2100.0 188
72.9492 2096.0 188
73.2788 2092.0 188
73.5919 2084.0 188
73.9215 2076.0 188
74.2456 2072.0 188
74.5587 2072.0 188
75.2179 2064.0 188
76.2616 1020.0 188
76.5747 1024.0 188
76.9043 1020.0 188
77.6074 980.0 188
77.9370 982.0 188
78.2007 984.0 188
78.5138 986.0 188
78.8434 984.0 188
79.1675 984.0 188
79.5465 980.0 188
79.8102 984.0 188
80.1398 1000.0 188
80.4529 1012.0 188
80.7770 1002.0 188
84.5288 332.0 188
84.8584 329.0 188
85.1825 328.0 188
85.4956 328.0 188
85.8856 327.0 188
86.1987 327.0 188
86.5283 326.0 188
86.8579 326.0 188
87.1710 325.0 188
87.4951 325.0 188
87.8247 324.0 188
88.1378 324.0 188
88.5278 323.0 188
88.8409 323.0 188
89.1705 322.0 188
89.4946 322.0 188
89.8077 322.0 188
90.1373 321.0 188
90.4669 321.0 188
90.7800 320.0 188
91.1041 320.0 188
91.4337 320.0 188
91.7468 320.0 188
92.1204 319.0 188
92.4500 319.0 188
92.7795 318.0 188
93.4167 319.0 188
94.6692 299.0 188
94.7626 339.0 188
95.1361 333.0 188
95.8392 330.0 188
96.1523 329.0 188
96.4819 329.0 188
96.8115 329.0 188
97.1246 329.0 188
97.4487 329.0 188
97.7783 329.0 188
98.0914 329.0 188
98.4210 328.0 188
98.7451 328.0 188
99.0582 328.0 188
99.3878 328.0 188
99.7174 328.0 188
100.0305 328.0 188
100.3546 328.0 188
100.6842 328.0 188
100.9973 328.0 188
101.3269 328.0 188
101.7004 327.0 188
102.0300 327.0 188
102.3541 327.0 188
102.6672 327.0 188
102.9364 328.0 188
103.2605 328.0 188
103.5901 328.0 188
103.9032 328.0 188
104.2328 328.0 188
104.5624 328.0 188
104.8700 328.0 188
105.1996 328.0 188
105.5292 328.0 188
105.8423 328.0 188
106.1719 328.0 188
106.4960 328.0 188
106.8091 328.0 188
107.1387 329.0 188
107.4683 329.0 188
107.7759 329.0 188
108.1055 329.0 188
108.4351 329.0 188
108.7482 330.0 188
109.0778 330.0 188
109.4019 330.0 188
109.7150 330.0 188
110.0446 331.0 188
110.3741 331.0 188
110.6873 331.0 188
111.0114 331.0 188
111.3409 331.0 188
111.6541 332.0 188
111.9836 332.0 188
112.2968 332.0 188
112.5604 333.0 188
112.8900 333.0 188
113.2031 333.0 188
113.5272 334.0 188
113.8403 334.0 188
114.1699 334.0 188
114.4830 335.0 188
114.8071 335.0 188
115.1367 336.0 188
115.4498 336.0 188
115.7794 336.0 188
116.0431 337.0 188
116.3562 337.0 188
116.6858 338.0 188
116.9989 338.0 188
117.3230 339.0 188
117.6361 339.0 188
117.9657 340.0 188
118.2953 340.0 188
118.6084 341.0 188
118.8721 342.0 188
119.2017 342.0 188
119.5148 343.0 188
119.8389 343.0 188
120.1520 344.0 188
120.4816 344.0 188
120.7947 345.0 188
121.1243 346.0 188
121.3879 347.0 188
121.7010 347.0 188
122.0306 348.0 188
122.3547 349.0 188
122.6678 349.0 188
122.9974 350.0 188
123.3105 351.0 188
123.6401 351.0 188
123.9038 352.0 188
124.2169 353.0 188
124.5465 354.0 188
124.8541 355.0 188
125.1837 356.0 188
125.5133 356.0 188
125.7770 357.0 188
126.0901 358.0 188
126.4197 359.0 188
126.7328 360.0 188
127.0624 361.0 188
127.3260 362.0 188
127.6392 363.0 188
127.9688 364.0 188
128.2764 365.0 188
128.6060 366.0 188
128.9191 367.0 188
129.2487 366.0 188
129.5728 366.0 188
129.8419 371.0 188
130.1056 374.0 188
130.4187 374.0 188
130.7483 373.0 188
131.0614 374.0 188
131.3855 376.0 188
131.6986 377.0 188
132.0282 378.0 188
132.2919 379.0 188
132.6050 381.0 188
132.9346 382.0 188
133.2477 383.0 188
133.5773 384.0 188
133.8409 385.0 188
134.1705 387.0 188
134.4836 389.0 188
134.8077 390.0 188
135.0769 391.0 188
135.3900 393.0 188
135.7141 394.0 188
136.0272 396.0 188
136.2964 397.0 188
136.6205 399.0 188
136.9336 400.0 188
137.2632 402.0 188
137.5928 403.0 188
137.8400 405.0 188
138.1696 406.0 188
138.4991 408.0 188
138.7628 410.0 188
139.0759 411.0 188
139.4055 413.0 188
139.7186 415.0 188
139.9823 417.0 188
140.3119 418.0 188
140.6250 420.0 188
140.9491 422.0 188
141.2183 424.0 188
141.5259 426.0 188
141.8555 428.0 188
142.1686 430.0 188
142.4323 432.0 188
142.7618 434.0 188
143.0750 436.0 188
143.4045 438.0 188
143.6682 441.0 188
143.9813 443.0 188
144.3109 444.0 188
144.6240 447.0 188
144.8877 449.0 188
145.2173 451.0 188
145.5304 454.0 188
145.7941 456.0 188
146.1072 459.0 188
146.4368 461.0 188
146.7004 464.0 188
147.0135 466.0 188
147.3431 469.0 188
147.6562 471.0 188
147.9199 474.0 188
148.2495 476.0 188
148.5571 479.0 188
148.8867 482.0 188
149.1559 485.0 188
149.4635 488.0 188
149.7931 491.0 188
150.0623 493.0 188
150.3699 496.0 188
150.6995 501.0 188
150.9686 504.0 188
151.2762 507.0 188
151.6058 510.0 188
151.8750 514.0 188
152.1826 516.0 188
152.5122 520.0 188
152.7759 524.0 188
153.0890 528.0 188
153.4186 532.0 188
153.6713 536.0 188
153.9954 540.0 188
154.3085 544.0 188
154.6381 546.0 188
154.9017 550.0 188
155.2148 554.0 188
161.5759 562.0 188
161.8890 560.0 188
162.2626 558.0 188
162.5922 556.0 188
162.9053 554.0 188
163.2294 552.0 188
163.5425 550.0 188
163.8721 548.0 188
164.1852 548.0 188
164.5587 546.0 188
164.8883 542.0 188
165.2014 542.0 188
165.5310 540.0 188
165.8386 540.0 188
166.1682 538.0 188
166.4813 536.0 188
166.8713 534.0 188
167.1844 532.0 188
167.5140 532.0 188
167.8271 530.0 188
168.1512 528.0 188
168.4644 526.0 188
168.7939 526.0 188
169.1071 526.0 188
169.4366 524.0 188
169.8102 522.0 188
170.1233 520.0 188
170.4529 520.0 188
170.7605 520.0 188
171.0901 518.0 188
171.4032 516.0 188
171.7328 514.0 188
172.0459 516.0 188
172.3590 514.0 188
172.7325 511.0 188
173.0621 510.0 188
173.3698 509.0 188
173.6993 509.0 188
174.0125 508.0 188
174.3420 506.0 188
174.6552 505.0 188
174.9792 505.0 188
175.2924 504.0 188
175.6219 504.0 188
175.9351 502.0 188
176.3086 501.0 188
176.6382 501.0 188
176.9513 499.0 188
177.2809 498.0 188
177.5885 497.0 188
177.9181 497.0 188
178.2312 497.0 188
178.5443 496.0 188
178.8739 495.0 188
179.1870 494.0 188
179.5111 494.0 188
179.8242 493.0 188
180.1538 492.0 188
180.5273 491.0 188
180.8405 491.0 188
181.1700 491.0 188
181.4832 490.0 188
181.8073 489.0 188
182.1204 489.0 188
182.4500 489.0 188
182.7631 488.0 188
183.0927 487.0 188
183.4058 487.0 188
183.7299 487.0 188
184.0430 486.0 188
184.3561 486.0 188
184.6857 485.0 188
184.9988 485.0 188
185.3229 485.0 188
185.6360 484.0 188
185.9656 483.0 188
186.2787 483.0 188
186.6083 483.0 188
186.9214 484.0 188
187.2455 483.0 188
187.6245 482.0 188
187.9321 482.0 188
188.2617 482.0 188
188.5748 482.0 188
188.9044 481.0 188
189.2175 481.0 188
189.5416 481.0 188
189.8547 482.0 188
190.1678 481.0 188
190.4974 477.0 188
190.8105 476.0 188
191.1401 474.0 188
191.4478 473.0 188
191.8268 472.0 188
192.1509 471.0 188
196.6223 471.0 188
196.8860 473.0 188
197.8583 476.0 188
198.3417 3004.0 188
199.2920 2992.0 188
203.1866 2972.0 188
203.4998 2968.0 188
203.8239 2956.0 188
204.1534 2976.0 188
205.2960 2148.0 188
206.0925 3040.0 188
206.4166 3040.0 188
206.7297 3044.0 188
207.0593 3048.0 188
207.3889 3052.0 188
207.7185 3056.0 188
208.0261 3060.0 188
208.3557 3060.0 188
208.9984 3064.0 188
209.3280 2968.0 188
209.6521 3040.0 188
209.9213 3080.0 188
210.2454 3080.0 188
210.5585 3076.0 188
210.8881 3096.0 188
211.2177 3116.0 188
211.5308 3144.0 188
211.8549 3164.0 188
212.1844 3156.0 188
212.5140 3164.0 188
212.8271 3188.0 188
213.1512 3192.0 188
213.4808 3200.0 188
213.7939 3200.0 188
214.1235 3208.0 188
214.4531 3208.0 188
214.7772 3200.0 188
215.0903 3208.0 188
215.4199 3192.0 188
215.7495 3152.0 188
216.0571 3136.0 188
216.3867 3096.0 188
216.7603 3060.0 188
217.0898 3068.0 188
217.3590 3084.0 188
217.7325 3072.0 188
218.0621 3036.0 188
218.3862 3000.0 188
218.7158 2968.0 188
219.0289 2932.0 188
219.3585 2900.0 188
219.6826 2868.0 188
219.9957 2828.0 188
220.3253 2808.0 188
220.6549 2780.0 188
220.9790 2744.0 188
221.3580 2716.0 188
221.6821 2688.0 188
221.9952 2656.0 188
222.6544 2628.0 188
223.6707 2416.0 188
224.5935 2492.0 188
225.9338 2388.0 188
226.5930 2332.0 188
227.5598 2248.0 188
229.4989 2316.0 188
229.8230 2304.0 188
230.1526 2276.0 188
230.4657 2256.0 188
230.7953 2240.0 188
231.1688 2228.0 188
231.4984 2200.0 188
231.8280 2180.0 188
232.1356 2164.0 188
232.4652 2148.0 188
232.7948 2136.0 188
233.1244 2124.0 188
233.4375 2112.0 188
233.7616 2100.0 188
234.0912 2084.0 188
234.4043 2068.0 188
234.7339 2056.0 188
235.1074 2044.0 188
235.4370 2032.0 188
235.7611 2022.0 188
236.0907 2006.0 188
236.4038 1992.0 188
236.7334 1986.0 188
237.0575 1974.0 188
237.3706 1960.0 188
237.7002 1950.0 188
238.0298 1942.0 188
238.3594 1930.0 188
238.6670 1914.0 188
238.9966 1900.0 188
239.3262 1894.0 188
239.6997 1888.0 188
240.0293 1880.0 188
240.3589 1868.0 188
240.6665 1858.0 188
240.9961 1850.0 188
241.3257 1844.0 188
243.6218 770.0 188
243.9349 776.0 188
244.2645 780.0 188
244.5886 786.0 188
244.9182 792.0 188
245.1874 796.0 188
245.4950 802.0 188
245.8246 808.0 188
246.1542 814.0 188
246.4178 820.0 188
246.7474 826.0 188
247.0605 834.0 188
247.3901 840.0 188
247.7142 846.0 188
247.9834 852.0 188
248.3075 858.0 188
248.6206 868.0 188
248.9502 874.0 188
249.2139 880.0 188
249.5435 886.0 188
249.8730 896.0 188
250.2026 904.0 188
250.5103 910.0 188
250.7794 918.0 188
251.1090 926.0 188
251.4331 938.0 188
251.7023 946.0 188
252.0264 954.0 188
252.3395 964.0 188
252.6691 980.0 188
253.9050 998.0 188
254.5587 992.0 188
256.1243 1026.0 188
256.4484 1030.0 188
256.8274 1020.0 188
257.4646 1018.0 188
258.0579 1038.0 188
258.3875 1034.0 188
258.7170 1026.0 188
259.3542 1032.0 188
264.1992 1376.0 188
264.5892 1366.0 188
264.9023 1346.0 188
265.2319 1342.0 188
265.5615 1360.0 188
265.8252 1376.0 188
266.1548 1382.0 188
266.4679 1370.0 188
266.8579 1354.0 188
267.1710 1350.0 188
267.4951 1350.0 188
267.8247 1348.0 188
268.1378 1346.0 188
268.4674 1344.0 188
268.7915 1342.0 188
269.1211 1342.0 188
269.4342 1340.0 188
269.7638 1334.0 188
270.0934 1332.0 188
270.4010 1332.0 188
270.7306 1330.0 188
271.0602 1328.0 188
271.3898 1328.0 188
271.7029 1326.0 188
272.0270 1324.0 188
272.3566 1322.0 188
272.6697 1322.0 188
272.9993 1322.0 188
273.3234 1318.0 188
273.6530 1318.0 188
273.9661 1316.0 188
274.2957 1316.0 188
274.6198 1316.0 188
274.9493 1314.0 188
275.2625 1314.0 188
275.5920 1312.0 188
275.9216 1310.0 188
276.2292 1310.0 188
276.5588 1302.0 188
276.8884 1312.0 188
277.5916 1258.0 188
277.9211 1260.0 188
278.5583 1276.0 188
279.4812 1302.0 188
279.7943 1302.0 188
280.1239 1302.0 188
280.4480 1302.0 188
280.7611 1300.0 188
281.0907 1300.0 188
281.4203 1298.0 188
281.7499 1300.0 188
282.0575 1302.0 188
282.3871 1300.0 188
282.7167 1304.0 188
283.0298 1304.0 188
283.3594 1302.0 188
283.6835 1300.0 188
284.3866 1286.0 188
285.0293 1294.0 188
285.3589 1292.0 188
285.6830 1292.0 188
285.9521 1296.0 188
286.2762 1298.0 188
286.5894 1296.0 188
286.9189 1300.0 188
287.2485 1312.0 188
287.5781 1328.0 188
287.8857 1342.0 188
288.1549 1370.0 188
288.4790 1388.0 188
288.8086 1384.0 188
289.1382 1384.0 188
289.4513 1386.0 188
289.7809 1386.0 188
290.1050 1388.0 188
290.4181 1390.0 188
290.7477 1390.0 188
291.0773 1392.0 188
291.4014 1394.0 188
291.7145 1396.0 188
292.0441 1396.0 188
292.3737 1400.0 188
292.6868 1402.0 188
293.0109 1402.0 188
293.3405 1404.0 188
293.6536 1404.0 188
293.9832 1406.0 188
294.2963 1408.0 188
294.6204 1408.0 188
294.9335 1408.0 188
295.2631 1410.0 188
295.5927 1414.0 188
295.9058 1416.0 188
296.2299 1418.0 188
296.5430 1422.0 188
296.8726 1422.0 188
297.1857 1424.0 188
297.5153 1426.0 188
297.8229 1430.0 188
298.1525 1434.0 188
298.4656 1434.0 188
298.7952 1434.0 188
299.1083 1438.0 188
299.4324 1442.0 188
299.7620 1442.0 188
300.0751 1444.0 188
300.3387 1448.0 188
300.6683 1452.0 188
300.9814 1456.0 188
301.3110 1458.0 188
301.6241 1458.0 188
301.9482 1462.0 188
302.2614 1464.0 188
302.5909 1468.0 188
302.9041 1470.0 188
303.2336 1474.0 188
303.5468 1478.0 188
303.8708 1480.0 188
304.2004 1484.0 188
304.5135 1490.0 188
304.8431 1494.0 188
305.1562 1498.0 188
305.4803 1500.0 188
305.7935 1502.0 188
306.1230 1504.0 188
306.4362 1506.0 188
306.7603 1512.0 188
307.0734 1518.0 188
307.4030 1522.0 188
307.7325 1526.0 188
308.0457 1530.0 188
308.3698 1534.0 188
308.6829 1536.0 188
308.9520 1542.0 188
309.2761 1544.0 188
309.5892 1550.0 188
309.9188 1556.0 188
310.2319 1560.0 188
310.5615 1562.0 188
310.8746 1566.0 188
311.1987 1574.0 188
311.5118 1578.0 188
311.8414 1584.0 188
312.1710 1590.0 188
312.4841 1592.0 188
312.8082 1600.0 188
313.1213 1606.0 188
313.4509 1610.0 188
313.7640 1616.0 188
314.0936 1618.0 188
314.4012 1622.0 188
314.7308 1628.0 188
315.0439 1636.0 188
315.9503 1644.0 188
318.8397 1722.0 188
319.5428 1626.0 188
319.8724 1628.0 188
320.1855 1636.0 188
320.4492 1644.0 188
320.7788 1658.0 188
321.0919 1672.0 188
321.4215 1680.0 188
321.7291 1686.0 188
326.1676 1806.0 188
326.4972 1816.0 188
326.8103 1826.0 188
327.1399 1832.0 188
327.4530 1844.0 188
327.7771 1856.0 188
328.0902 1862.0 188
328.4198 1872.0 188
328.7329 1888.0 188
328.9966 1902.0 188
329.3262 1914.0 188
329.6393 1928.0 188
329.9634 1936.0 188
330.2930 1942.0 188
330.6061 1948.0 188
330.9357 1962.0 188
331.2488 1984.0 188
331.5729 2000.0 188
331.8860 2014.0 188
332.2156 2026.0 188
332.5287 2040.0 188
332.7924 2056.0 188
333.1219 2068.0 188
333.4351 2080.0 188
333.7646 2096.0 188
334.0778 2120.0 188
334.4019 2144.0 188
334.7150 2156.0 188
335.0446 2176.0 188
335.3577 2188.0 188
335.6873 2200.0 188
336.0114 2220.0 188
336.2805 2236.0 188
336.5936 2252.0 188
336.9177 2268.0 188
337.2308 2288.0 188
337.5604 2272.0 188
337.8735 2248.0 188
338.2031 2264.0 188
338.5107 2276.0 188
338.8403 2268.0 188
339.4830 2400.0 188
339.7961 2400.0 188
340.1202 2392.0 188
340.7629 2304.0 188
341.0760 2304.0 188
341.4056 2300.0 188
341.7297 2268.0 188
342.0428 2256.0 188
342.3724 2268.0 188
342.6855 2288.0 188
343.0151 2308.0 188
343.3228 2316.0 188
343.6523 2308.0 188
343.9655 2296.0 188
344.2950 2284.0 188
344.6082 2272.0 188
344.9323 2272.0 188
345.2454 2272.0 188
345.5750 2268.0 188
345.8881 2260.0 188
346.2177 2248.0 188
346.5417 2240.0 188
346.8549 2236.0 188
347.2339 2220.0 188
347.5580 2208.0 188
347.8711 2208.0 188
348.2007 2204.0 188
348.5138 2208.0 188
348.8434 2204.0 188
349.4806 2196.0 188
350.2496 1244.0 188
350.5573 1268.0 188
350.8868 1264.0 188
351.8591 1262.0 188